LINESTRING (-115.17765840 36.23358960, -115.17766110 36.23355720, -115.17768000 36.23352210)
LINESTRING (-115.18012350 36.23358150, -115.18009920 36.23341410, -115.18010190 36.23325210, -115.18008840 36.23318190, -115.18007490 36.23296860, -115.18007490 36.23276610, -115.18008570 36.23262570)
LINESTRING (-115.17789330 36.23357610, -115.17789330 36.23352210)
LINESTRING (-115.17981300 36.23353020, -115.17972660 36.23351670, -115.17950250 36.23350320)
LINESTRING (-115.17789330 36.23352210, -115.17803100 36.23351940)
LINESTRING (-115.17789330 36.23352210, -115.17788250 36.23351130)
LINESTRING (-115.17768000 36.23352210, -115.17788250 36.23351130)
LINESTRING (-115.17803100 36.23351940, -115.17844680 36.23351670, -115.17848730 36.23350860, -115.17873300 36.23350860, -115.17880590 36.23349780)
LINESTRING (-115.17788250 36.23351130, -115.17789060 36.23328450, -115.17790950 36.23313330, -115.17791220 36.23298750, -115.17790410 36.23238000, -115.17791220 36.23235570, -115.17790140 36.23201280)
LINESTRING (-115.17950250 36.23350320, -115.17888150 36.23350590, -115.17880590 36.23349780)
LINESTRING (-115.17950250 36.23350320, -115.17949980 36.23278770, -115.17947010 36.23260680, -115.17947550 36.23256630)
LINESTRING (-115.17880590 36.23349780, -115.17879780 36.23330880, -115.17879780 36.23287140, -115.17881940 36.23256360)
LINESTRING (-115.18023960 36.23331150, -115.18022070 36.23321970)
LINESTRING (-115.18016670 36.23323320, -115.18019640 36.23323320, -115.18022070 36.23321970, -115.18021260 36.23283900, -115.18022070 36.23280930, -115.18022610 36.23262570, -115.18024230 36.23253390, -115.18023150 36.23225580, -115.18025580 36.23208300, -115.18028010 36.23203980)
LINESTRING (-115.18045560 36.23321700, -115.18045830 36.23299020, -115.18045020 36.23282550)
LINESTRING (-115.17881940 36.23256360, -115.17881130 36.23229360, -115.17880050 36.23226120)
LINESTRING (-115.17881940 36.23256360, -115.17878430 36.23256360)
LINESTRING (-115.18008840 36.23241240, -115.18011000 36.23233950, -115.18011000 36.23229360)
LINESTRING (-115.17880050 36.23226120, -115.17871950 36.23227200, -115.17856290 36.23226120)
LINESTRING (-115.17880050 36.23226120, -115.17880320 36.23201010)
LINESTRING (-115.18009920 36.23223420, -115.18010190 36.23212890, -115.18006950 36.23208030, -115.18007490 36.23195340)
LINESTRING (-115.18006950 36.23208030, -115.17988320 36.23207760, -115.17973740 36.23209110, -115.17957810 36.23209380, -115.17948090 36.23207490, -115.17944850 36.23203980)
LINESTRING (-115.18084440 36.23205600, -115.18083630 36.23202630)
LINESTRING (-115.18115490 36.23205330, -115.18112790 36.23201010)
LINESTRING (-115.17765300 36.23205330, -115.17768000 36.23202090)
LINESTRING (-115.18080390 36.23204250, -115.18082010 36.23202630)
LINESTRING (-115.18028010 36.23203980, -115.18045830 36.23202900)
LINESTRING (-115.18028010 36.23203980, -115.18027470 36.23193720)
LINESTRING (-115.17944850 36.23203980, -115.17931620 36.23202360, -115.17928920 36.23201550, -115.17926220 36.23198310)
LINESTRING (-115.17944850 36.23203980, -115.17945930 36.23199390)
LINESTRING (-115.18045830 36.23202900, -115.18082010 36.23202630)
LINESTRING (-115.18083630 36.23202630, -115.18082010 36.23202630)
LINESTRING (-115.18083630 36.23202630, -115.18103070 36.23200470, -115.18112790 36.23201010)
LINESTRING (-115.17768000 36.23202090, -115.17790140 36.23201280)
LINESTRING (-115.17768000 36.23202090, -115.17765300 36.23198850)
LINESTRING (-115.17790140 36.23201280, -115.17789060 36.23152410, -115.17786090 36.23114340, -115.17783660 36.23059530, -115.17782580 36.23056020)
LINESTRING (-115.17790140 36.23201280, -115.17831180 36.23200470, -115.17880320 36.23201010, -115.17881400 36.23199120)
LINESTRING (-115.18112790 36.23201010, -115.18115490 36.23197230)
LINESTRING (-115.17881400 36.23199120, -115.17913530 36.23199660, -115.17926220 36.23198310)
LINESTRING (-115.17881400 36.23199120, -115.17881940 36.23101110, -115.17880320 36.23089500, -115.17880590 36.23075460)
LINESTRING (-115.17926220 36.23198310, -115.17929460 36.23194800, -115.17995610 36.23193990, -115.18007490 36.23195340, -115.18008570 36.23155110, -115.18006950 36.23151330, -115.18004790 36.23138640, -115.18004520 36.23120010, -115.18003710 36.23108400, -115.18002900 36.23106510, -115.18001820 36.23083830, -115.18001820 36.23047650, -115.18002630 36.23032530, -115.18005060 36.23027670, -115.18010190 36.23024430)
LINESTRING (-115.18040160 36.23194260, -115.18037460 36.23193180, -115.18035030 36.23193180)
LINESTRING (-115.18027470 36.23193720, -115.18033680 36.23193720)
LINESTRING (-115.18027470 36.23193720, -115.18025580 36.23154570)
LINESTRING (-115.18033680 36.23193720, -115.18035030 36.23193180)
LINESTRING (-115.17942420 36.23171310, -115.17942960 36.23167800, -115.17947550 36.23155920, -115.17947820 36.23138640, -115.17947010 36.23135670, -115.17945120 36.23096520, -115.17945390 36.23079240, -115.17944310 36.23075460)
LINESTRING (-115.18113600 36.23155110, -115.18115490 36.23151870)
LINESTRING (-115.18113600 36.23155110, -115.18076340 36.23154030)
LINESTRING (-115.18025580 36.23154570, -115.18025310 36.23142150, -115.18023420 36.23116230, -115.18020450 36.23100300, -115.18019910 36.23091390, -115.18019100 36.23089770, -115.18019100 36.23081130, -115.18018290 36.23078970, -115.18017750 36.23052510, -115.18015050 36.23031450, -115.18013160 36.23027400, -115.18010190 36.23024430)
LINESTRING (-115.18025580 36.23154570, -115.18076340 36.23154030, -115.18074990 36.23121360, -115.18073370 36.23108940, -115.18072830 36.23092470, -115.18072020 36.23090310, -115.18070670 36.23036040, -115.18069590 36.23025240, -115.18067430 36.23019570)
LINESTRING (-115.17944310 36.23075460, -115.17880590 36.23075460)
LINESTRING (-115.17944310 36.23075460, -115.17945390 36.23067090, -115.17944850 36.23050350)
LINESTRING (-115.17880590 36.23075460, -115.17878970 36.23073030, -115.17876810 36.23058180, -115.17876000 36.23047110, -115.17876810 36.23030100)
LINESTRING (-115.17782580 36.23056020, -115.17767460 36.23056290, -115.17765300 36.23053860)
LINESTRING (-115.17782580 36.23056020, -115.17782580 36.23012010)
LINESTRING (-115.17876810 36.23030100, -115.17877080 36.23012550)
LINESTRING (-115.18010190 36.23024430, -115.18010730 36.23017140)
LINESTRING (-115.18067430 36.23019570, -115.18046910 36.23019840, -115.18040700 36.23018490)
LINESTRING (-115.18067430 36.23019570, -115.18067970 36.23012820)
LINESTRING (-115.18040700 36.23018490, -115.18028010 36.23018760, -115.18017750 36.23020110, -115.18013160 36.23019840, -115.18010730 36.23017140)
LINESTRING (-115.18040700 36.23018490, -115.18042590 36.23012550)
LINESTRING (-115.18010730 36.23017140, -115.18015590 36.23012280, -115.18019910 36.23010120)
LINESTRING (-115.18010730 36.23017140, -115.18005060 36.23012010, -115.17996960 36.23009310)
LINESTRING (-115.18067970 36.23012820, -115.18064730 36.23009850)
LINESTRING (-115.18067970 36.23012820, -115.18071750 36.23009580)
LINESTRING (-115.17877080 36.23012550, -115.17880590 36.23010120, -115.17884910 36.23009040)
LINESTRING (-115.17877080 36.23012550, -115.17872490 36.23009580)
LINESTRING (-115.17782580 36.23012010, -115.17779070 36.23009310)
LINESTRING (-115.17782580 36.23012010, -115.17786630 36.23009310)
